0 16600 16581 16895 16467 16726 16675 
1 16911 16853 16540 16693 16495 16629 
2 16746 16674 16513 16623 16895 16679 
3 16588 16842 16728 16837 16819 16746 
4 16702 16663 16576 16859 16708 16632 
5 16734 16889 16492 16452 16792 16760 
6 16547 16736 16794 16659 16679 16817 
7 16752 16566 16672 16570 16461 16559 
8 16505 16787 16488 16494 16803 16755 
9 16514 16625 16678 16599 16448 16508 
10 16599 16836 16783 16804 16520 16911 
11 16582 16983 16725 16850 16760 16566 
12 16571 16697 16773 16863 16597 16502 
13 16823 16930 16646 16972 16649 16540 
14 16580 16599 16832 16780 16732 16745 
15 16528 16545 16655 16991 16685 16647 
16 16529 16826 16694 16472 16620 16685 
17 16801 16521 16655 16838 16588 16601 
18 16751 16712 16826 16591 16910 16618 
19 16666 16552 16771 16621 16622 16485 
20 16779 16615 16797 16665 16608 16709 
21 16684 16782 16751 16692 16443 16720 
22 16671 16340 16696 16762 16694 16926 
23 16709 16759 16708 16623 16633 16533 
24 16647 16360 16650 16729 16716 16573 
25 16555 16633 16777 16738 16651 16742 
26 16575 16620 16737 16723 16705 16648 
27 16667 16666 16739 16502 16701 16512 
28 16827 16407 16603 16560 16710 16740 
29 16408 16467 16665 16693 16901 16831 
30 16545 16563 16595 16639 16613 16580 
31 16721 16527 16759 16689 16904 16606 
32 16801 16629 16579 16703 16631 16724 
33 16574 16685 16609 16791 16591 16370 
34 16822 16655 16660 16638 16580 16714 
35 16814 16716 16571 16718 16517 16676 
36 16804 16646 16531 16773 16613 16507 
37 16724 16761 16729 16612 16889 16745 
38 16573 16412 16625 16674 16723 16677 
39 16606 16571 16485 16474 16640 16506 
40 16599 16701 16632 16832 16740 16681 
41 16748 16677 16624 16599 16757 16713 
42 16713 16709 16579 16664 16723 16760 
43 16478 16793 16695 16711 16618 16973 
44 16678 16634 16797 16623 16802 16857 
45 16352 16784 16711 16568 16593 16847 
46 16531 16812 16558 16683 16470 16669 
47 16863 16447 16562 16673 16891 16458 
48 16979 16533 16487 16513 16393 16690 
49 16505 16852 16666 16588 16757 16816 
50 16728 16674 16737 16702 16864 16841 
51 16731 16705 16646 16316 16497 16537 
52 16570 16871 16554 16635 16593 16843 
53 16757 17030 16740 16768 16434 16699 
54 16642 16575 16626 16464 16817 16433 
55 16703 16402 16616 16842 16499 16423 
56 16645 16658 16740 16718 16547 16593 
57 16886 16715 16573 16615 16678 16791 
58 16631 16784 16704 16585 16639 16649 
59 16726 16413 16751 16468 16716 16628 
