0 16695 16677 16625 16707 16486 16510 
1 16787 16867 16542 16788 16777 16573 
2 16821 16583 16622 16608 16812 16779 
3 16706 16455 16821 16604 16660 16977 
4 16943 16632 16719 16544 16693 16557 
5 16925 16632 16562 16366 16880 16762 
6 16669 16505 16453 16811 16786 16697 
7 16698 16776 16498 16788 16688 16812 
8 16549 16656 16745 16597 16636 16823 
9 16764 16800 16734 16737 16671 16548 
10 16771 16595 16531 16747 16657 16685 
11 16717 16656 16876 16701 16527 16718 
12 16551 16701 16576 17059 16515 16580 
13 16530 16503 16743 16664 16805 16739 
14 16582 16612 16494 16820 16487 16640 
15 16770 16652 16612 16501 16492 16670 
16 16777 16590 16516 16659 16778 16655 
17 16609 16830 16511 16676 16402 16832 
18 16615 16439 16539 16614 16693 16831 
19 16377 16693 16608 16794 16515 16701 
20 16484 16686 16738 16696 16565 16574 
21 16542 16663 16700 16861 16620 16817 
22 16652 16612 16539 16536 16671 16716 
23 16686 16588 16803 16809 16579 16501 
24 16754 16673 16673 16708 16740 16663 
25 16387 16542 16446 16482 16852 17089 
26 16685 16882 16500 16661 16703 16349 
27 16526 16444 16804 16847 16932 16743 
28 16938 16737 16584 16733 16848 16660 
29 16610 16675 16650 16680 16847 16474 
30 16572 16551 16715 16598 16826 16751 
31 16601 16853 16653 16559 16670 16471 
32 16721 16675 16866 16481 16422 16828 
33 16683 16632 16717 16623 16699 16738 
34 16714 16684 16973 16491 16518 16777 
35 16507 16741 16606 16586 16674 16425 
36 16825 16528 16670 16604 16649 16682 
37 16630 16641 16723 16611 16816 16594 
38 16641 16376 16955 16429 16763 16701 
39 16504 16601 16690 16909 16726 16651 
40 16681 16830 16735 16754 16746 16699 
41 16766 16660 16698 16595 16652 16512 
42 16792 16910 16414 16648 16709 16598 
43 16856 16730 16643 16730 16640 16593 
44 16532 16687 16685 16803 16566 16685 
45 16586 16719 16732 16848 16624 16538 
46 16469 16547 16634 16680 16653 16512 
47 16650 16845 16717 16542 16669 16627 
48 16741 16623 16717 16622 16663 16601 
49 16845 16595 16972 16482 16471 16633 
50 16760 16679 16592 16605 16481 16605 
51 16652 16651 16810 16586 16597 16593 
52 16460 16705 16558 16770 16952 16562 
53 16715 16823 16801 16537 16672 16733 
54 16507 16601 16522 16590 16567 16832 
55 16846 16862 16599 16649 16781 16717 
56 16572 16699 16856 16755 16675 16506 
57 16622 16552 16558 16647 16484 16875 
58 16640 16853 16753 16848 16578 16740 
59 16790 16791 16672 16620 16740 16546 
