0 16678 16665 16675 16663 16675 16659 
1 16656 16671 16660 16666 16663 16674 
2 16676 16664 16677 16665 16668 16658 
3 16660 16666 16657 16671 16667 16675 
4 16678 16665 16676 16660 16665 16665 
5 16655 16670 16661 16673 16667 16673 
6 16674 16666 16672 16661 16667 16658 
7 16657 16668 16661 16673 16672 16666 
8 16679 16666 16667 16659 16663 16665 
9 16659 16668 16672 16670 16669 16669 
10 16675 16661 16666 16662 16660 16667 
11 16659 16672 16665 16672 16673 16668 
12 16669 16665 16661 16664 16662 16671 
13 16661 16671 16673 16668 16674 16657 
14 16666 16660 16661 16668 16659 16672 
15 16671 16668 16674 16667 16674 16656 
16 16665 16666 16660 16665 16663 16679 
17 16670 16669 16676 16662 16670 16658 
18 16660 16668 16657 16673 16661 16677 
19 16673 16669 16673 16662 16668 16653 
20 16661 16668 16655 16676 16665 16677 
21 16673 16664 16677 16651 16672 16656 
22 16657 16667 16665 16676 16662 16675 
23 16679 16662 16667 16658 16667 16655 
24 16659 16671 16660 16678 16664 16680 
25 16676 16661 16668 16656 16669 16658 
26 16651 16677 16664 16677 16662 16676 
27 16674 16652 16669 16658 16672 16655 
28 16660 16676 16664 16675 16668 16671 
29 16669 16659 16671 16655 16669 16664 
30 16663 16676 16665 16680 16656 16668 
31 16670 16656 16668 16658 16674 16668 
32 16664 16680 16663 16676 16657 16670 
33 16670 16659 16669 16658 16676 16667 
34 16662 16677 16665 16670 16661 16665 
35 16673 16652 16670 16665 16678 16667 
36 16666 16680 16661 16667 16661 16664 
37 16670 16657 16674 16669 16667 16674 
38 16662 16675 16659 16669 16661 16664 
39 16670 16660 16673 16668 16673 16671 
40 16665 16671 16659 16663 16665 16661 
41 16669 16665 16673 16670 16671 16670 
42 16667 16663 16664 16665 16663 16662 
43 16673 16667 16670 16672 16669 16668 
44 16659 16665 16665 16660 16666 16668 
45 16668 16674 16670 16675 16660 16671 
46 16662 16663 16665 16661 16670 16664 
47 16673 16671 16667 16674 16660 16665 
48 16665 16660 16667 16657 16681 16663 
49 16671 16671 16671 16668 16655 16672 
50 16663 16661 16668 16663 16674 16665 
51 16669 16675 16661 16671 16655 16669 
52 16668 16661 16666 16667 16678 16665 
53 16665 16678 16657 16667 16656 16672 
54 16666 16654 16681 16662 16676 16664 
55 16667 16667 16658 16669 16661 16667 
56 16672 16663 16676 16664 16678 16662 
57 16662 16669 16657 16669 16656 16675 
58 16671 16665 16676 16669 16674 16657 
59 16655 16670 16658 16670 16658 16675 
