-0.938307
0.560379
0.184185
-0.566909
0.807118
0.805378
-0.0703772
-0.321908
-0.448315
-0.949625
0.674181
-0.0769096
0.296246
-0.704627
-0.581251
-0.832782
-0.959186
0.539503
0.16331
-0.587785
0.786243
0.784502
-0.0912547
-0.342785
-0.469192
-0.970502
0.653305
-0.0977861
0.275369
-0.725504
-0.602128
-0.853658
-0.980064
0.518627
0.142432
-0.608661
0.765367
0.763626
-0.112131
-0.363662
-0.49007
-0.991378
0.63243
-0.118661
0.254494
-0.746378
-0.623003
-0.87453
-0.813465
-0.439775
0.309031
0.932943
-0.068035
-0.194779
-0.94553
-0.822063
-0.323471
0.0502225
0.799027
-0.577064
-0.57891
0.295221
0.543591
0.667068
-0.834343
-0.460651
0.288155
0.912067
-0.0889115
-0.215655
-0.966407
-0.842939
-0.344348
0.0293466
0.778151
-0.59794
-0.599787
0.274345
0.522716
0.646192
-0.85522
-0.481528
0.267278
0.891191
-0.109788
-0.236531
-0.987285
-0.863816
-0.365225
0.0084705
0.757276
-0.618815
-0.620662
0.25347
0.50184
0.625318
-0.126121
-0.377428
0.996376
-0.504713
