0.583694
0.704372
0.0832991
-0.133378
-0.4364
-0.268037
-0.461307
0.395824
0.163564
-0.713867
-0.199938
0.115966
-0.66906
0.883735
0.953423
0.79399
-0.98599
-0.987941
0.124382
0.997138
0.0939108
-0.874554
0.590455
-0.34841
-0.964945
-0.421226
0.0196239
-0.704503
-0.368143
-0.0601868
0.706374
-0.382752
0.12897
-0.739661
0.211967
0.634199
-0.634391
-0.109367
0.444101
0.858761
-0.60415
0.666362
0.264897
0.927183
-0.000803556
-0.0366264
0.565661
-0.925801
-0.140925
-0.339744
-0.81363
-0.413909
0.70492
0.151343
0.139714
-0.772215
0.364849
0.726979
-0.363264
0.382987
-0.51022
0.242646
-0.563654
0.801409
-0.728191
0.0784048
-0.377839
0.9603
-0.658462
-0.224236
-0.437541
-0.333663
-0.946148
0.856962
0.651828
0.824471
-0.00988799
0.654507
-0.100579
0.755396
0.39095
-0.213352
0.622683
0.483501
0.435641
-0.394563
0.807082
0.925469
0.873487
-0.579559
-0.746523
-0.599328
0.0350039
-0.118656
0.147017
-0.756556
-0.148679
-0.921835
0.725683
0.13694
