18.6721 0.0204739
18.8285 0.020979
17.4022 0.0216639
21.1717 0.0174008
17.1662 0.0253407
16.9853 0.0226076
18.0324 0.0275362
17.8746 0.0272491
16.5873 0.0233872
18.8415 0.0195355
18.9589 0.0244139
20.4314 0.0207469
18.1735 0.0243634
16.2725 0.0248182
16.2518 0.0243879
17.1992 0.0214426
20.5805 0.0163752
18.4933 0.0232593
19.4137 0.0285868
18.5793 0.0224045
17.5885 0.0252195
19.6044 0.0298966
18.69 0.0212456
18.2818 0.0192032
16.318 0.0236426
17.532 0.0260302
16.5997 0.0238008
20.7682 0.0205923
16.6266 0.0238294
17.024 0.0257934
19.0247 0.0224227
16.4603 0.0251782
18.3461 0.0244526
16.6895 0.0243126
17.5173 0.0207981
19.0028 0.0273683
18.964 0.0264225
18.1809 0.0242993
17.8768 0.0271696
18.2526 0.0255346
17.3723 0.0231304
17.6391 0.0219191
16.0286 0.024564
16.6499 0.0227683
20.2454 0.0183603
17.9928 0.0218902
18.3206 0.0268146
16.8223 0.0239814
18.6705 0.0265512
16.5954 0.0235653
17.3683 0.0209223
16.1506 0.0242512
18.2412 0.0234651
18.9029 0.018579
17.8844 0.0214463
17.5856 0.0208486
20.0743 0.0188475
18.0192 0.0202938
18.0285 0.0260548
17.0075 0.0227237
19.6525 0.0294181
17.7633 0.0253983
18.9134 0.0240157
17.6689 0.0212246
16.6444 0.0249655
18.6115 0.0224948
20.4387 0.0158213
19.619 0.025332
17.2616 0.0215527
17.7064 0.0233505
21.6139 0.029166
18.3602 0.0261471
16.3089 0.0245719
18.348 0.027055
18.6783 0.0270109
17.5604 0.0209027
18.3284 0.0278899
19.0722 0.0207516
19.3569 0.0174164
17.8047 0.0230793
20.2655 0.022154
17.9101 0.0199425
16.8935 0.0237252
16.4108 0.0235922
17.3153 0.0242597
16.999 0.0239694
17.6285 0.0220029
17.6908 0.0200946
17.846 0.0271385
16.3529 0.0237891
16.3904 0.0242713
18.8646 0.0230955
18.393 0.0253107
17.1241 0.0245254
16.3756 0.0242875
19.4251 0.0235049
18.6873 0.0236785
19.3876 0.0253342
17.5894 0.0266263
18.448 0.0276245
21.1824 0.0297783
16.9706 0.0226779
17.4883 0.0249779
17.654 0.0269681
17.6903 0.0210333
16.8663 0.0234954
19.4589 0.0198256
16.7793 0.0248906
16.2449 0.0244346
17.1112 0.0216673
19.9915 0.0165221
17.087 0.0245102
17.9852 0.0194908
16.9553 0.021862
16.8291 0.0248041
20.587 0.0159995
18.5381 0.028126
19.0975 0.0215248
16.4239 0.0243657
17.4378 0.0264293
19.8913 0.0169629
17.0084 0.0222699
17.038 0.022763
18.5127 0.019043
17.8498 0.024082
16.2903 0.024915
18.4023 0.0202674
17.8448 0.0229644
17.6698 0.0259806
17.3216 0.0210032
16.7582 0.024011
18.7269 0.0278052
17.4066 0.0210802
19.2547 0.0268282
16.6962 0.0248364
18.9029 0.0192628
16.5964 0.024885
17.3901 0.0258732
17.1477 0.0234677
16.1272 0.0243073
16.621 0.024545
16.658 0.0254767
17.131 0.0242887
17.3384 0.0219673
18.136 0.0273777
17.8226 0.021914
21.7983 0.0140736
16.5857 0.0228692
17.9456 0.0247776
16.3229 0.0243251
17.7806 0.0248536
16.2894 0.0237284
17.9434 0.0254891
16.2364 0.0239648
17.5299 0.0242045
17.0825 0.0245753
18.1815 0.0229022
16.0659 0.024387
17.5741 0.0249617
16.2771 0.0236891
18.3979 0.0279184
16.1918 0.0245206
16.7447 0.025538
17.9368 0.026893
16.9302 0.0247574
17.741 0.0211931
16.9908 0.0227016
17.2319 0.0247453
16.745 0.0232312
16.8863 0.0248874
16.661 0.023184
17.0498 0.0246157
17.7642 0.0227826
16.4316 0.0241703
18.0635 0.0235937
16.3577 0.0239771
16.9745 0.0246233
18.7563 0.0226549
18.3962 0.0231972
17.6824 0.0257624
16.7209 0.0247208
18.0063 0.0208688
17.3704 0.0217668
17.9307 0.0270322
16.5415 0.0242446
17.58 0.0259164
17.2178 0.0237745
16.6095 0.0242998
16.4718 0.0244675
17.7202 0.0203661
17.9036 0.0225722
17.7926 0.0237872
18.231 0.0225128
18.2666 0.0235163
18.9418 0.0217066
18.067 0.020676
18.6592 0.0281667
20.1467 0.0230527
19.2449 0.027025
17.2237 0.0244448
17.5955 0.0236817
17.3945 0.0261357
18.2632 0.0216205
19.0681 0.0192414
19.2165 0.0266619
17.9983 0.0270716
23.8372 0.0177916
16.7704 0.0230512
17.2856 0.0231387
19.8217 0.0261822
17.2838 0.0229234
16.5745 0.0231108
17.5222 0.0260264
20.1476 0.0282153
16.2241 0.0247497
17.6814 0.0235402
20.078 0.0216916
16.2698 0.0245889
19.1123 0.0194683
16.9968 0.0227043
17.4939 0.0224829
20.9445 0.0153114
17.543 0.021201
17.2688 0.0236599
18.1595 0.0224062
16.6248 0.0233112
22.2499 0.0282912
17.9547 0.0249253
16.6961 0.024163
16.1878 0.0239525
18.5908 0.0216185
19.5067 0.0215826
17.2362 0.024872
16.5844 0.0242824
19.1058 0.027761
16.8434 0.0251445
16.2397 0.0247733
18.029 0.0233062
16.3128 0.0247445
16.4844 0.023292
18.1783 0.0222469
17.7054 0.0206931
19.3272 0.0190153
17.5888 0.0244503
20.1241 0.0186459
16.6869 0.023816
18.8253 0.0277386
17.4096 0.0259038
17.8949 0.0262838
17.9328 0.0216057
18.4499 0.0279854
18.5599 0.025359
17.3395 0.0236162
17.3843 0.0265801
17.4203 0.021126
19.0016 0.0186714
16.0857 0.0242892
18.6612 0.0239639
16.1404 0.0242191
17.8266 0.0233401
18.4838 0.0215791
17.4215 0.0219276
18.9098 0.0208371
16.3768 0.0242994
17.1378 0.0247137
18.7979 0.0228186
17.2462 0.0220137
19.2965 0.029404
16.5795 0.0242135
17.3339 0.0221994
19.0319 0.019987
18.0015 0.0264712
17.1668 0.0249513
17.4033 0.0232902
16.9661 0.0249275
16.6339 0.0249521
18.2717 0.021129
18.2949 0.0237827
20.3478 0.0172766
21.2262 0.0193094
19.9489 0.0287476
19.7833 0.0268878
16.874 0.0241297
17.8999 0.0232452
20.1451 0.0225236
20.4496 0.0206065
18.1194 0.0202167
17.2554 0.0220875
17.8793 0.0231503
18.9426 0.0209717
17.0012 0.0234366
19.7725 0.0302057
16.837 0.0249668
17.1698 0.0253924
23.0299 0.01715
16.9448 0.0256499
16.2163 0.024082
17.4888 0.0235019
17.7893 0.02362
18.9705 0.0208152
18.2458 0.0243877
19.5031 0.0284627
16.6873 0.0235649
19.9124 0.0216771
18.5803 0.0185559
18.1475 0.0258613
18.216 0.0263
16.3986 0.0246855
19.508 0.0297281
19.1868 0.0271124
18.1022 0.0222004
18.5469 0.018552
17.9006 0.0227292
17.8735 0.0263098
17.7329 0.0218507
17.9836 0.0223042
18.372 0.0198378
17.6798 0.0209146
16.4436 0.0232478
17.8589 0.0213631
17.2757 0.0232514
18.7446 0.0234862
18.4119 0.0267712
23.9259 0.0144004
18.7643 0.0202261
16.3112 0.0244287
18.3452 0.0228608
17.2062 0.0246073
19.1327 0.0225303
18.6671 0.0258662
16.8292 0.0244853
17.7349 0.0244764
16.4516 0.0239846
17.5206 0.024046
18.665 0.0256803
16.7956 0.0236727
16.7611 0.0225531
18.8496 0.0194222
16.8509 0.0230733
19.0399 0.021392
17.2457 0.0225964
17.5728 0.0252101
17.3865 0.0226206
16.7652 0.0256323
18.5551 0.0269879
17.3975 0.0260878
17.0611 0.0257274
18.0651 0.0205874
17.5338 0.0254323
16.1052 0.024477
19.7304 0.0291852
19.7301 0.0192688
17.7572 0.0226286
18.5108 0.0189169
18.8078 0.0284824
16.1495 0.0245548
18.382 0.0241516
16.9784 0.0237911
21.1513 0.0272028
16.1424 0.0243825
18.1255 0.0275894
17.9055 0.0265702
16.2508 0.024698
18.4453 0.023494
16.9458 0.0242645
19.8918 0.019892
19.8533 0.0165383
19.6432 0.0245627
17.2956 0.0223954
17.1965 0.0213094
17.3523 0.021585
18.3628 0.0250997
17.8368 0.0239113
21.6223 0.0326008
20.1933 0.0185095
16.4477 0.0251644
21.0141 0.0310874
16.5948 0.023914
20.6669 0.0163985
18.718 0.0247002
16.289 0.0244002
17.7077 0.0256885
19.5096 0.0277841
21.5273 0.0242654
19.0679 0.0203061
16.4626 0.0235282
19.1313 0.0277889
16.401 0.0241912
19.7508 0.022268
18.1892 0.0268646
16.4867 0.0246262
17.5437 0.0229341
19.5611 0.0218586
16.9222 0.0245222
17.0375 0.0226488
20.9687 0.0154665
16.6202 0.0240139
16.5654 0.0251652
17.2546 0.0256975
21.0799 0.0276607
20.5688 0.0150979
16.4236 0.0245748
17.8699 0.0265241
22.8971 0.0190258
16.8981 0.0245984
20.4247 0.0240731
17.2903 0.0252655
16.1551 0.0244309
18.249 0.0239085
18.6026 0.0197947
17.0914 0.0253899
16.8465 0.023763
18.4563 0.0278692
16.4001 0.0250848
16.6398 0.0230422
16.5877 0.023496
18.3688 0.0279348
17.21 0.0256074
17.2801 0.0234791
17.6219 0.0250906
17.0683 0.022782
17.1175 0.0243821
18.7875 0.0238987
17.3376 0.023534
16.8434 0.0248966
17.6275 0.0264196
18.7508 0.0179637
17.6785 0.0214861
16.3167 0.0243555
16.7933 0.0250538
16.6654 0.0237218
19.3432 0.0284175
20.3483 0.023919
16.0791 0.02426
18.822 0.0255041
16.8086 0.0244252
19.0954 0.0290287
16.9005 0.0250207
17.4193 0.0261566
16.1622 0.02433
16.5837 0.0243949
17.2799 0.0233951
18.4611 0.0194846
18.7564 0.0280384
18.2884 0.0222556
16.8055 0.02284
17.7744 0.0243491
17.6535 0.0261528
18.7329 0.020161
16.9641 0.0229465
19.2345 0.0219806
18.3723 0.0190893
18.7952 0.0212908
16.7151 0.0246079
16.7531 0.0249974
16.7109 0.0226626
20.0066 0.0183931
19.6289 0.022228
16.5079 0.0238815
17.4098 0.0224972
19.3318 0.0268699
16.3494