0.0436661
0.0494677
0.0633482
0.0692649
0.0536686
0.0536686
0.0536686
0.0575268
0.0559397
0.06287
0.0405451
0.00969489
0.00969489
0.00969489
0.0120424
0.0191464
0.0191464
0.0191464
0.00515472
0.03346
0.03346
0.0306599
0.0306599
0.0306599
0.0306599
0.0306599
0.0306599
0.0306599
0.0306599
0.0313925
0.0800708
0.0619711
0.0658995
0.0658995
0.10873
0.0729243
0.0816356
0.130013
0.166713
0.166713
0.166713
0.119326
0.121667
0.124595
0.0806234
0.0311035
0.0474428
0.0115175
0.0362282
0.0340005
0.0340005
0.0245606
0.0245606
0.0245606
0.0636825
0.0403224
0.00054122
0.00054122
0.0446975
0.0446975
0.0446975
0.0148239
0.0148239
0.0148239
0.0148239
0.0235363
0.0235363
0.0235363
0.0235363
0.0231864
0.00303471
0.0461162
0.0322001
0.012142
0.012142
0.0143711
0.00338045
0.00338045
0.0213027
0.0213027
0.0213027
0.0510799
0.0770343
0.0770343
0.0587093
0.0587093
0.0227435
0.0227435
0.0443384
0.0152264
0.0152264
0.0152264
0.0148457
0.0148457
0.0282626
0.0249982
0.0249982
0.0249982
0.0249982
0.027678
0.027678
0.0553815
0.0165767
0.0165767
0.0165767
0.0072144
0.0072144
0.0072144
0.0072144
0.0072144
0.0252619
0.0373051
0.0118536
0.0258902
0.0258902
0.0306772
0.0146059
0.0146059
0.0146059
0.0146059
0.0146059
0.0146059
0.0146059
0.0271731
0.0122049
0.0122049
0.0122049
0.0360692
0.0360692
0.0360692
0.0360692
0.0360692
0.0477868
0.0477868
0.0217171
0.00381055
0.00381055
0.0358865
0.0472753
0.0925833
0.0596181
0.0808348
0.0963835
0.0963835
0.0963835
0.0602688
0.0341802
0.00457494
0.0336886
0.0336886
0.017855
0.00176846
0.00176846
0.00176846
0.00841457
0.00841457
0.00841457
0.0114427
0.0114427
0.0401924
0.0796369
0.0390896
0.0888811
0.101819
0.0638672
0.0624846
0.0624846
0.0132918
0.0132918
0.0416391
0.0416391
0.0416391
0.0416391
0.0143817
0.00934142
0.010309
0.010309
0.010309
0.0385775
0.0195148
0.0195148
0.0687775
0.0670936
0.0670936
0.0772166
0.068282
0.0791346
0.0791346
0.0872556
0.0824392
0.0465454
0.0361421
0.0379016
0.0379016
0.0381927
0.0464448
0.0274997
0.00492474
0.00492474
0.00492474
0.0125394
0.0115555
0.00566362
0.00566362
0.0163541
0.0289184
0.0289184
0.0289184
0.0289184
0.00113045
0.00113045
0.00113045
0.00113045
0.00113045
0.0462269
0.0392083
0.0193496
0.057359
0.0984867
0.102355
0.052504
0.00977463
0.00977463
0.00977463
0.00503403
0.0378042
0.0378042
0.0153585
0.0449014
0.0449014
0.0334893
0.0667472
0.0825808
0.0369963
0.00973277
0.00973277
0.00973277
0.00973277
0.00973277
0.00973277
0.00973277
0.0157785
0.0154855
0.033615
0.033615
0.0327602
0.0327602
0.0327602
0.0666467
0.0666467
0.0251764
0.0251764
0.0448624
0.0448624
0.0157089
0.0057864
0.0057864
0.040827
0.0227945
0.0227945
0.018937
0.0424735
0.0424735
0.0390223
0.00680577
0.00680577
0.0364941
0.0454504
0.0739911
0.0864811
0.0881851
0.0881851
0.0881851
0.0511993
0.0511993
0.0511993
0.0229179
0.00881018
0.00881018
0.00881018
0.0436928
0.0293066
0.0363908
0.0363908
0.0363908
0.0450317
0.0455353
0.0136073
0.0136073
0.0136073
0.0136073
0.00435911
0.00435911
0.00435911
0.00435911
0.031889
0.00950608
0.00221578
0.00221578
0.00221578
0.0022263
0.0022263
0.0022263
0.0022263
0.0022263
0.0022263
0.0022263
0.0022263
0.0022263
0.0022263
0.0022263
0.0022263
0.0420506
0.0252272
0.0287042
0.0287042
0.0287042
0.00594357
0.00594357
0.00594357
0.00594357
0.00594357
0.00721953
0.0121201
0.0121201
0.0121201
0.0121201
0.006328
0.00450797
0.00786785
0.00786785
0.00786785
0.0237535
0.0279065
0.0317215
0.0317215
0.0317307
0.0317307
0.0235118
0.017496
0.017496
0.031929
0.00633891
0.0165335
0.0490994
0.0605936
0.0605936
0.105702
0.0968849
0.0918477
0.05805
0.0442896
0.0165733
0.0165733
0.0169633
0.0259803
0.0259803
0.0259642
0.0183521
0.0381432
0.0381432
0.00889194
0.0184944
0.0184944
0.0184944
0.0565808
0.040739
0.0170162
0.00897012
0.00897012
0.00897012
0.00897012
0.0135133
0.060837
0.0952838
0.0952838
0.0952838
0.0536858
0.0163874
0.0580224
0.0823604
0.0744545
0.0536086
0.10252
0.0854238
0.0873952
0.0536511
0.0536511
0.0687667
0.0255634
0.0255634
0.0255634
0.00788807
0.00788807
0.0137993
0.0399551
0.031686
0.0189448
0.0189448
0.0444788
0.0444788
0.0627902
0.0892761
0.0892761
0.0892761
0.0770591
0.0508467
0.0508467
0.0295581
0.0295581
0.0295581
0.0235055
0.0568633
0.0606104
0.0370752
0.0370752
0.0115113
0.0115113
0.0339581
0.014219
0.0364558
0.0200377
0.00943948
0.00943948
0.00943948
0.00943948
0.00943948
0.019219
0.019219
0.0491613
0.0191937
0.0191937
0.0191937
0.0248144
0.0248144
0.0268949
0.0268949
0.0508298
0.0613805
0.0613805
0.068637
0.104986
0.0930613
0.0930613
0.0763782
0.0763782
0.109161
0.103823
0.103632
0.0565177
0.0615394
0.0451391
0.0451391
0.0601127
0.0601127
0.0601127
0.0402315
0.0533257
0.0976992
0.0976992
0.0968793
0.131938
0.131938
0.162927
0.162927
0.17784
0.17784
0.137145
0.137145
0.142293
0.142071
0.142071
0.110459
0.114181
0.117402
0.114909
0.114909
0.0930865
0.0522161
0.0703461
0.0736772
0.0623278
0.0532699
0.0591746
0.0530181
0.0530181
0.0882756
0.0743157
0.0369457
0.0369457
0.0284575
0.0284575
0.0534342
0.0534342
0.0534342
0.0231418
0.0231418
0.0231418
0.0231418
0.0161173
0.0449372
0.0552113
0.0516492
0.0554672
0.0853471
0.0957339
0.0957339
0.0888277
0.0709852
0.0311294
0.0311294
0.0311294
0.0311294
0.0311294
0.00318926
0.00318926
0.00318926
0.00318926
0.00318926
0.0230552
0.0230552
0.0157416
0.0157416
0.0639329
0.0552334
0.0552334
0.0427101
0.0754911
0.0554607
0.0122945
0.0122945
0.000930516
0.00820441
0.00820441
0.00820441
0.00820441
0.0234976
0.0505533
0.0263884
0.024017
0.024017
0.00182533
0.00182533
0.00182533
0.0494601
0.024018
0.0607671
0.0879667
0.115668
0.115668
0.115668
0.0676205
0.0896376
0.110545
0.127275
0.127275
0.125111
0.105277
0.059876
0.0114397
0.0114397
0.0252929
0.0544797
0.00980967
0.00980967
0.00980967
0.0202865
0.0564693
0.0275197
0.0275197
0.0275197
0.0336137
0.0779632
0.0779632
0.0948622
0.0598151
0.0126831
0.0126831
0.0126831
0.0126831
0.00721508
0.0463697
0.0502898
0.0306037
0.0690897
0.0627421
0.10655
0.10655
0.060262
0.060262
0.0729162
0.0848513
0.0848513
0.0585863
0.052435
0.0791417
0.0572221
0.0772845
0.0405249
0.0405249
0.0426965
0.0180964
0.0555576
0.0349349
0.0349349
0.0349349
0.0579438
0.0568081
0.0568081
0.101342
0.110988
0.0627535
0.0843391
0.0618726
0.0247253
0.0247253
0.0247253
0.0247253
0.0247253
0.0523358
0.0601628
0.0967455
0.134967
0.0923097
0.0871195
0.0630876
0.0630876
0.0630876
0.0371122
0.0371122
0.00518367
0.00518367
0.00518367
0.0492447
0.0309578
0.00621646
0.00621646
0.00621646
0.00621646
0.0182368
0.0521574
0.0218349
0.0218349
0.0220136
0.0220136
0.0220136
0.030262
0.030262
0.030262
0.0390217
0.0283159
0.0613494
0.0613494
0.0613494
0.0735634
0.0530197
0.0703607
0.0703607
0.0703607
0.0303615
0.0303615
0.0303615
0.00891313
0.0161939
0.0161939
0.0161939
0.0161939
0.0161939
0.00529954
0.00529954
0.00529954
0.017291
0.017291
0.017291
0.017291
0.017291
0.00278857
0.00278857
0.00278857
0.00278857
0.00278857
0.0291397
0.00734819
0.0256365
0.0256365
0.00674619
0.00674619
0.0082836
0.0082836
0.0082836
0.0082836
0.0082836
0.0082836
0.0082836
0.0082836
0.0082836
0.027287
0.027287
0.0042364
0.0042364
0.0042364
0.0218487
0.0218487
0.00334133
0.0263324
0.0263324
0.0539731
0.0353931
0.0353931
0.0353931
0.0332409
0.031486
0.0342097
0.0342097
0.0443821
0.005252
0.005252
0.0471072
0.0471072
0.0316229
0.00915232
0.00915232
0.0303481
0.0388534
0.0384726
0.0384726
0.0384726
0.0384726
0.0224369
0.0158659
0.0158659
0.0273329
0.051863
0.051863
0.0843828
0.0843828
0.0843828
0.0485348
0.0304926
0.0304926
0.0544976
0.0965804
0.0965804
0.0965804
0.0698827
0.0494109
0.0386811
0.0274968
0.0274968
0.0274968
0.0274968
0.0274968
0.0274968
0.019336
0.019336
0.019336
0.00608079
0.00608079
0.00608079
0.00608079
0.00608079
0.00608079
0.0402334
0.0402334
0.00860651
0.00860651
0.00860651
0.0420126
0.0420126
0.0764971
0.0764971
0.0764971
0.0747574
0.0747574
0.0623579
0.0623579
0.0748488
0.0959153
0.0867553
0.0412644
0.0113903
0.0156657
0.0156657
0.0156657
0.0351228
0.0351228
0.0536306
0.0845234
0.1154
0.126442
0.126442
0.126442
0.133859
0.133859
0.133859
0.133859
0.133859
0.0869163
0.0737732
0.0655409
0.0655409
0.0622242
0.0578892
0.0649293
0.0742422
0.0310208
0.0310208
0.0310208
0.0052618
0.0052618
0.0340332
0.0340332
0.0340332
0.04152
0.0344727
0.0344727
0.0211107
0.00647427
0.00647427
0.0201639
0.0201639
0.0457335
0.0732121
0.0951561
0.113907
0.102278
0.0557717
0.0945278
0.0500835
0.0500835
0.0725028
0.0725028
0.025883
0.0425137
0.0489218
0.0489218
0.0489218
0.0489218
0.00230565
0.0421405
0.0421405
0.0421405
0.0206154
0.025043
0.0418757
0.0418757
0.0418757
0.0409829
0.0188558
0.0188558
0.0188558
0.0376516
0.0508377
0.0137482
0.0137482
0.0533726
0.0976504
0.0513143
0.00353176
0.00353176
0.00353176
0.00353176
0.0150246
0.0146774
0.0146774
0.00444541
0.0160178
0.0215026
0.0390058
0.0390058
0.0390058
0.0034082
0.0034082
0.0034082
0.0034082
0.025736
0.0060873
0.0431209
0.0358398
0.0329261
0.0623741
0.045205
0.0414195
0.0547139
0.0219816
0.0219816
0.011027
0.015227
0.015227
0.0366113
0.0366113
0.0366113
0.0578105
0.0473615
0.0417705
0.0484745
0.0441106
0.0329352
0.0171719
0.0171719
0.0171719
0.0314765
0.0264634
0.018156
0.00463433
0.00111895
0.0401118
0.0401118
0.0335426
0.0335426
0.0335426
0.0379504
0.0379504
0.0379504
0.0101624
0.029965
0.0418876
0.0453727
0.0124359
0.00520872
0.0393494
0.0393494
0.0814993
0.064556
0.0808422
0.0506532
0.0630465
0.0630465
0.0717736
0.0393477
0.0571248
0.0571248
0.0925122
0.0601524
0.0601524
0.0286721
0.0286721
0.0286721
0.0401197
0.0382852
0.0382852
0.0382852
0.0382852
0.0382852
0.0382852
0.0239451
0.0239451
0.0217314
0.0217314
0.0491034
0.0230071
0.0508256
0.0349403
0.0281882
0.0281882
0.0497764
0.0497764
0.0331383
0.0568252
0.0568252
0.0458363
0.0458363
0.0458363
0.0458363
0.00146991
0.00146991
0.0022721
0.037464
0.037464
0.0255935
0.050921
0.0538348
0.0538348
0.0353274
0.0353274
0.0348191
0.0348191
0.0155932
0.0155932
0.0155932
0.00513874
0.00513874
0.00513874
0.0522852
0.0331227
0.0531912
0.0256748
0.0186817
0.0186817
0.0186817
0.0393619
0.0236558
0.0236558
0.0236558
0.0169382
0.0363442
0.0363442
0.0324906
0.0482851
0.0203324
